9252126994	9590044000
9914778691	9312942824
9258112797	9852528858
9285005638	9805206465
9474722410	9738761352
9707325991	9609841317
9949265092	9747603357
9189533760	9596644557
9585665158	9271632603
9414177203	9644474510
9954618655	9114383941
9117825587	9747603357
9144204904	9645018458
9697694457	9492387128
9205448497	9379885334
9396266865	9370747098
9265392878	9904077205
9496677706	9609841317
9551438923	9815043458
9246881366	9206815141
9595017949	9259826621
9319002509	9436584489
9660109814	9370747098
9101773379	9309633678
9972683560	9808823541
9618589892	9841232992
9710829216	9520366925
9761472857	9805206465
9952165933	9174308737
9632099421	9810766121
9265052684	9747603357
9385073820	9549408295
9473194739	9379885334
9575735508	9591914871
9819430046	9596644557
9425056405	9364038998
9703796212	9129840870
9427558067	9647629778
9473420282	9489178244
9344683598	9232442759
9697339794	9747603357
9445687797	9122975023
9768055020	9242887226
9780862971	9434495055
9133428749	9492387128
9697797034	9866297166
9977491366	9831105527
9840364048	9671416068
9636775343	9464241229
9702276446	990032477
9359994691	9738761352
9642282139	9408888222
9193201367	9379885334
9506468517	9335475915
9299991920	9160469367
9644639134	9938623230
9606904362	9932727131
9252358252	9232442759
9297836039	9352924395
9318011687	9793989587
9468130570	9881190185
9905111754	9590044000
9888922408	9462425372
9754077873	9370747098
9325394788	9852528858
9944853377	9866297166
9698797509	9462425372
9721972598	9629709625
9181388102	9549408295
9247072037	9660856551
9265900698	9671416068
9210342292	9644474510
9256713894	9483270280
9102047200	9647629778
9288579741	9492387128
9517990003	9114383941
9890592971	998857920
9248685459	9610057457
9178020543	9169180397
9981000941	9831248797
9372678163	9805206465
9323157875	9801800339
9323731902	9681305339
9749239507	9370747098
9525119291	9852528858
9747729240	9364038998
9903225760	9232442759
9750108208	9408888222
9379018879	9881190185
9110169391	9472754866
9192533657	9681305339
9302459240	9602141441
9814419522	9697861569
9709137583	9553232703
9959199992	9815043458
9168549174	9645018458
9957963252	9335475915
9865930346	9436584489
9444392738	9148824031
9656927557	9609841317
9657363607	9947781901
9527983382	9309633678
9865772104	9747603357
9714150002	9246016713
9176831263	9947781901
9114518413	9808823541
9197758111	9660856551
9568206269	9364038998
9182593454	9831248797
9679725286	9379885334
9610837182	9505607070
9811554110	9379885334
9812648111	9364038998
9193870210	9671416068
9176548912	9222772362
9936649541	9861710817
9649893250	9256386604
9767720571	9169180397
9269793226	9738761352
9561863877	9520366925
9242772187	9277149597
9470677023	9812019636
9125098811	9483495098
9510678532	9524723137
9642575291	9169180397
9318003555	9779648571
9628493367	9831105527
9232047963	9610057457
9251538818	9549408295
9527546015	9259826621
9951616149	9277149597
9874821440	9505607070
9700881502	9492387128
9871329764	9379885334
9659713782	9256386604
9154114321	9259826621
9302919553	9801800339
9372427151	9464241229
9350159584	9738761352
9472519370	9364038998
9646400545	9805206465
9822485439	9837705069
9403137249	9881190185
9684048788	9464241229
9829197054	9647629778
9820305641	9947781901
9351129490	9232442759
9613697678	9610057457
9847500485	9434495055
9556863068	9122975023
9698852224	9122975023
9870519294	9660856551
9785655725	9852528858
9897160148	9242887226
9250274910	9489443349
9517103066	9483270280
9675777313	9747603357
9334302150	9837705069
9224367702	9492387128
9783345697	9831248797
9721287808	9431278359
9816186441	9431278359
9566216089	9309633678
9737406186	9938623230
9903518765	9462425372
9370195854	9114383941
9185143521	9256386604
9751735285	9492387128
9115515199	9596644557
9176286876	9160469367
9476482741	9462425372
9127070015	9852528858
9592184015	9610057457
9863863219	9352924395
9908636431	9335475915
9662283916	9866297166
9230926964	9543264233
9832825363	9542164205
9882067802	9947781901
9282983649	9904077205
9621898966	9852528858
9624186892	9785997754
9691861713	9738761352
9666742592	9681305339
9332032256	9932727131
9490647950	9797029190
9950496999	9543264233
9827861936	9543264233
9811967003	9841232992
9142516678	9747603357
9952470526	9697861569
9149550011	9938623230
9320029070	9464241229
9869369173	9242887226
9287413825	9644474510
9376410565	9169180397
9982395546	9861710817
9562838535	9831105527
9133342672	9522778092
9805130354	9524723137
9333588556	9841232992
9290923821	9483495098
9886680342	9255535196
9936256929	9839455214
9106438181	9801800339
9799209250	9841232992
9210695230	9309633678
9774957051	9938623230
9465654899	9271632603
9839384536	9255535196
9308993415	9522778092
9893646485	9861710817
9304152338	9839455214
9450456833	9645018458
9155706654	9549408295
994381825	9610057457
9146260883	9831105527
9843044928	9256386604
9839016755	9129840870
9433904777	9797029190
9826972729	9647629778
9862146395	9671416068
9199656562	9779648571
9799229711	9645018458
9341359105	9840062906
9128768270	9629709625
9871028479	9542164205
9946665120	9478360538
9483300270	9434495055
9285811747	9805206465
9252581068	9505607070
9342159418	9824472500
9917668741	9698678893
9498601916	9805206465
9473084289	9431278359
9665861923	9271632603
9855106733	9810766121
9685452580	9602141441
9125443938	9489443349
9368789499	9524723137
9823537985	9399454651
9978657366	9524723137
9879696286	9462425372
9494489531	9751958519
9855554991	9751958519
9541297285	9751958519
9205823055	9352924395
9703589966	9681305339
9635822052	9726532212
9890255758	9122975023
9163027560	9148824031
9664126794	9277149597
9177634830	9277149597
9200831378	9232442759
9337112854	9904077205
9595539806	9489178244
9722776973	9483495098
9393339277	9248897156
9832602096	9549408295
9379227244	9489443349
9383814538	9793989587
9427091616	9852528858
9951242123	9591914871
9473549813	9364038998
9872968764	9246016713
9752147893	9866297166
9113530616	9312942824
9896174842	9681305339
9486707873	9938623230
9894225621	9222772362
9604907562	9841232992
9161651193	9222772362
9940198436	9399454651
9273161980	9797029190
9253251804	9122975023
9787105436	9660856551
9970756996	9801800339
9880317266	9543264233
9269322903	9522778092
9303949938	9483270280
9254442539	9805206465
9765310407	9309633678
9606789380	9379885334
9938493751	9738761352
9504930614	9837705069
9807477573	9399454651
9423483709	9697861569
9249346469	9668090536
9748809292	9408888222
9672444239	9436584489
9750524621	9815043458
9834506080	9785997754
9196438161	9671416068
9579201303	9505607070
9400947725	9852528858
9946021241	9801800339
9752510432	9839455214
9528076175	9726532212
9674484517	9881190185
9975118593	9785997754
9535459288	9256386604
9564989118	9779648571
9440130942	9271632603
9695685827	9259826621
9599848612	9668090536
9482385591	9222772362
9303145712	9379885334
9179001152	9812019636
9480889161	9645018458
9282235426	9808823541
9588119260	9148824031
9417599575	9866297166
9705220467	9697861569
9251489063	9246016713
9594753903	9408888222
9821166946	9904077205
9937099335	9726532212
9625381831	9932727131
9507995697	9520366925
9872352055	9609841317
9654135328	9489178244
9138976691	9464241229
9369158889	9153484132
9855387651	9489178244
9471714173	9462425372
9192336161	9434495055
9639683278	9489443349
9395410945	9609841317
9660249408	9609841317
9879713987	9837705069
9114165374	9698678893
9971374124	9861710817
9824403045	9831105527
9558157200	9256386604
9664303678	9370747098
9790435672	9472754866
9438415878	9352924395
9955909336	9808823541
9620399213	9779648571
9336722916	9747603357
9156688005	9543264233
9246005017	990032477
9222051215	9671416068
9232356650	9805206465
9443750307	9840062906
9835447170	9645018458
9494689380	9629709625
9273628266	9129840870
9592767213	9644474510
9345356825	9824472500
9533582693	9505607070
9630220100	9524723137
9526711871	9837705069
9182486659	9259826621
9201965662	9671416068
9120359721	9738761352
9801353834	9610057457
9627488621	9590044000
9174922801	9255535196
9199798518	9840062906
9954200206	9431278359
9190326223	9751958519
9485671655	9797029190
9127505501	9174308737
9168530768	9681305339
9108222415	9431278359
9755885140	9129840870
9495966769	9160469367
9846667738	9602141441
9686533354	9738761352
9116693832	9232442759
9138981334	9866297166
9611620785	9153484132
9707938916	9841232992
9452008827	9681305339
9454843894	992745113
9781247827	9779648571
9560340397	9408888222
9620805800	9489443349
9807805110	9645018458
9184072440	9824472500
9958856108	9938623230
9140010811	9785997754
9395700339	9797029190
9110898357	9726532212
9162305690	9160469367
9434628558	9938623230
9596636885	9505607070
9521361606	9489443349
9909573255	9478360538
9986753723	9932727131
9232630984	9812019636
9249561153	9522778092
9726240585	9543264233
9540106032	9785997754
9713084755	9169180397
9677908467	9810766121
9676880590	9114383941
9241729462	9271632603
9445993791	9751958519
9873336760	9483495098
9363401815	9370747098
9427496557	9522778092
9429776293	9489443349
9305010384	9489178244
9294834617	9436584489
9983058252	9698678893
9863613914	9148824031
9287675147	9824472500
9578949658	9232442759
9136879761	9932727131
9339195485	9277149597
9919790179	9129840870
9411099153	9543264233
9267003476	9591914871
9401753663	9431278359
9410581766	9122975023
9360671774	9242887226
9728179139	9647629778
9493285551	9399454651
9315160153	9505607070
9680551746	9793989587
9231002080	9434495055
9915847885	9370747098
9621839414	9553232703
9789972502	9785997754
9929700305	9668090536
9177817052	9801800339
9360801671	9808823541
9806155987	9148824031
9300210565	9489178244
9311005104	9379885334
9728245627	9831105527
9825127842	9206815141
9315184768	9808823541
9671521916	9839455214
9745160494	9861710817
9177099256	9873805431
9647566610	9947781901
9562274315	9464241229
9894865782	9114383941
9906806165	9810766121
9459379495	9309633678
9639992938	9738761352
9708457530	9947781901
9154196226	9478360538
9257366356	9160469367
9494677170	9932727131
9792301705	9793989587
9435854449	9747603357
9922121840	9861710817
9814348933	9520366925
9216715333	9824472500
9452557869	9399454651
9842357404	9932727131
9773006079	9522778092
9209976025	9839455214
9373350106	9153484132
9410940394	9938623230
9404665582	9242887226
9126800352	9492387128
9871526208	9831248797
9864347153	9312942824
9851387793	9591914871
9685432091	9751958519
9612918569	9153484132
9872171234	9747603357
998171732	9122975023
9892480472	9169180397
9721874553	9522778092
9808327068	9801800339
9932612574	9483495098
9499649512	9779648571
9675316301	9797029190
9560589900	9434495055
9392211536	9222772362
9261498554	9472754866
9900273514	9542164205
9360112448	9464241229
9387229105	9797029190
9588375325	9839455214
9575279704	9805206465
9837559019	9379885334
9211972051	9206815141
9313661302	9644474510
9961022593	9831248797
9537497741	9610057457
9282404916	9812019636
9219470824	9206815141
9510639354	9248897156
9147691428	9160469367
9762976593	9738761352
9889943941	9831105527
9635047252	9436584489
9424927694	9866297166
9570552543	9591914871
9886273982	9242887226
9723700136	9873805431
9824029104	9312942824
9668343513	9148824031
9562610427	9779648571
9846161859	9873805431
9661683853	9489443349
9487721129	9726532212
9866977486	9873805431
9184886733	9824472500
9371737552	9230778641
9840810944	9114383941
9196349335	9472754866
9174598057	9246016713
9633586928	9839455214
9811753934	9149041213
9700022396	9726532212
9848655038	9153484132
9980315909	9697861569
9639526722	9129840870
9550425334	992745113
9717798905	9881190185
9618214695	9553232703
9330211203	9129840870
9225507511	9408888222
9831668886	9505607070
9814322660	9969496136
9161604360	9815043458
9671846326	9644474510
9398478436	9609841317
9333635428	9629709625
9468058778	9462425372
9242614245	9399454651
9363242663	9549408295
9832616961	9492387128
9118444397	9464241229
9229546095	9472754866
9969947139	9779648571
9640657150	9852528858
9525122359	9596644557
9233047177	9815043458
9258049373	9169180397
9586115632	9174308737
9646821366	9647629778
9839582839	9408888222
9668702779	9831248797
9748592358	9489443349
9173307290	9505607070
9700490264	9647629778
9561094448	990032477
9544065659	9464241229
9404736570	9726532212
9531352968	9698678893
9764287000	9947781901
9374538359	9671416068
9663584122	9602141441
9676078606	9831248797
9714955088	9839455214
9598832478	9222772362
9902036304	9462425372
9704820849	9431278359
9356407532	9271632603
9106173392	9840062906
9692739621	9644474510
9739885878	9904077205
9799285252	9462425372
9599203787	9938623230
9315795745	9122975023
9828764034	9726532212
9569326022	9335475915
9418068248	9464241229
9879893542	9668090536
9308427432	9609841317
9692586355	9938623230
9662209004	9904077205
9640468577	9801800339
9230034036	9797029190
9593511433	9230778641
9691513486	9169180397
9202780977	9312942824
9438178869	9841232992
9306243442	9472754866
9813454311	9489443349
9722802051	9174308737
9223832931	9660856551
9424559125	9660856551
9487862374	9148824031
9143800316	9505607070
9895110469	9248897156
9440827115	9248897156
9405973435	9932727131
9831517794	9837705069
9735005378	9866297166
9849375581	9698678893
9825389373	9698678893
9795826829	9840062906
9940237014	9904077205
9214661040	9399454651
9467593950	9698678893
9311758312	9483270280
9860346435	9779648571
9229628688	9520366925
9509664400	9520366925
9177791930	9726532212
9681183383	9277149597
9514655059	9478360538
9426819166	9801800339
9474298899	9932727131
9221924873	9542164205
9232463677	9644474510
9567442382	9259826621
9810027997	9129840870
9739765747	9149041213
9419403976	9489178244
9467225824	9169180397
9569525377	9370747098
9661422176	9805206465
9258484713	9434495055
9134068889	9698678893
9599378859	9602141441
9685588310	9542164205
9544551846	9797029190
9960377267	9793989587
9796177336	9174308737
9625487156	9153484132
9817002068	9271632603
9444400971	9312942824
9884075862	9861710817
9285655815	9232442759
9260422126	9681305339
9327252203	9271632603
9194857085	9352924395
9692106233	9831105527
998544971	9431278359
9277243887	9309633678
9588379662	9660856551
9420001558	9149041213
9931913161	9805206465
9778189275	9399454651
9676304215	9478360538
9887989212	9255535196
9394640027	9779648571
9403303399	9881190185
9336987502	9671416068
9513330991	9726532212
9330659540	9472754866
9781347041	9808823541
9534435609	9645018458
9146970863	9149041213
9514855237	9520366925
9386653605	9751958519
9779206239	9483270280
9132681182	9852528858
9269458930	9520366925
9809679769	9259826621
9394151443	9609841317
9159427948	9436584489
9751109818	9602141441
9789720485	9824472500
9972890872	9793989587
9701095610	9831105527
9908964582	9591914871
9316428733	9785997754
9443906421	9206815141
9562712084	9590044000
9139249352	9464241229
9431781049	9738761352
9878148855	9472754866
9577314758	9122975023
9186643492	998857920
9789129115	9222772362
9203046932	9779648571
9322597925	9505607070
9867886867	9805206465
9850978137	9524723137
9310809883	9602141441
9151482307	9861710817
9618000112	9697861569
9932132705	9542164205
9373913608	9793989587
9355747358	992745113
9484509361	9837705069
9419850735	9505607070
9205661406	9379885334
9306866941	9609841317
9520065734	9647629778
9627646006	9815043458
9928709701	9644474510
9643188976	9831105527
9248850001	9609841317
9164380075	9478360538
9339449666	9364038998
997599719	9751958519
9707153538	9255535196
9625284116	9837705069
9381134936	9726532212
9384813321	9596644557
9383525840	9549408295
9136551247	9590044000
9263646508	9549408295
9392427172	9232442759
9108879224	9246016713
9210140175	9751958519
9292785077	990032477
9744883841	9938623230
9671941458	9312942824
9290430481	9831105527
9296981647	9489178244
9434480003	9841232992
9560447140	9590044000
9499370468	9644474510
9164317048	9831248797
9738563277	9629709625
9553457861	9602141441
9911758008	9591914871
9327740713	9153484132
9367057329	9808823541
9515202387	9671416068
9317295079	9230778641
9261379775	9644474510
9209455881	9779648571
9965827195	9645018458
9351056630	9747603357
9475828760	9462425372
9275426622	9602141441
9629448087	9399454651
9399014297	9492387128
9225310582	9462425372
9448165044	9671416068
9284893189	9947781901
9410255837	9647629778
9464599600	9904077205
9694639319	9169180397
9969528674	9259826621
9172540533	9434495055
9218597174	9122975023
9201866710	9841232992
9111556933	9629709625
9932831597	9230778641
9852450545	990032477
9533361939	9591914871
9191178607	9645018458
9169445873	9785997754
9555105370	9596644557
9124898418	9947781901
9656008548	9232442759
9247461683	998857920
9274182967	9779648571
9963722868	9431278359
9741136722	9242887226
9614025334	9248897156
9265072366	9698678893
9820363833	992745113
9569224368	9681305339
9115196822	9256386604
9842128342	9174308737
9427174875	9697861569
9731026267	9148824031
9240975698	9815043458
9444865591	9610057457
9322753009	9591914871
9771729680	9904077205
9330147228	9785997754
9557040005	9866297166
9106373041	9738761352
9833500480	9277149597
9291589960	9810766121
9241507364	9938623230
9471578298	9464241229
9129627281	9206815141
9523684900	9522778092
9178750460	9671416068
9513068578	9478360538
9550653958	9122975023
9638467354	9524723137
9321964884	9542164205
9126025780	9866297166
9527891467	9747603357
9622161564	9478360538
9706594396	9462425372
9442017985	9947781901
9504699382	9840062906
9188739186	9256386604
9777206219	9553232703
9870622409	9797029190
9190927777	9610057457
9408142111	9841232992
9919597272	9153484132
9540908087	9259826621
9400910187	992745113
9215810057	9747603357
9211021546	9230778641
9461918727	9114383941
9900398227	9122975023
9435153842	9271632603
9826429520	9520366925
9246296520	9462425372
9312828507	9697861569
9269614825	9242887226
9963610260	9505607070
9566187293	9148824031
9760312350	9153484132
9245951153	9602141441
9675126471	9232442759
9235567966	9246016713
9339739134	9489443349
9615391291	9644474510
9219933655	9751958519
9438136588	9242887226
9859383720	9747603357
9644295953	9169180397
9472573645	9549408295
9944905891	9255535196
9886408717	9681305339
9850968273	990032477
9752833159	9644474510
9390640669	9464241229
9180652118	992745113
9570253717	9408888222
9463758089	9232442759
9303279991	9808823541
9415090894	9248897156
9552569554	9852528858
9350914272	9837705069
9205484424	9462425372
9808371397	9808823541
9729005117	9644474510
9320784948	9852528858
9132449287	9122975023
9119796836	9352924395
9599133233	9852528858
9881196119	9483270280
9135124394	9647629778
9482162889	9399454651
9923173296	9602141441
9191659832	9335475915
9962980761	9837705069
9672831583	9969496136
9225146916	9483495098
9536526557	9904077205
9445465289	9542164205
9848434522	9277149597
9538666684	9489178244
9458836824	9938623230
9116283651	9464241229
9493595824	9938623230
9151998359	9478360538
9317763047	992745113
9849652164	9222772362
9359065432	9242887226
9834037641	9837705069
9657532061	9464241229
9702659391	9947781901
9489653483	9352924395
9547841760	9831248797
9900718952	9797029190
9282877979	9462425372
9167356336	9698678893
9483356562	9232442759
9703802936	9148824031
9485367204	9505607070
9420064825	9434495055
9565979876	9738761352
9237875693	9866297166
9168207185	9671416068
9971245488	9431278359
9122601593	9698678893
9382393024	9542164205
9660705176	9779648571
9830985229	9169180397
9811761389	9169180397
9444860303	9464241229
9823414543	9938623230
9253790232	9472754866
9149564120	9824472500
9244342451	9805206465
9804107172	9489178244
9213529512	9408888222
9187994300	9505607070
9121688812	9160469367
9458839850	9738761352
9270914108	9645018458
9327269658	9505607070
9764364055	9747603357
9232255218	9248897156
9433901989	9591914871
9168874673	9647629778
9458775067	9866297166
9816258071	9668090536
9236419837	9246016713
9740914653	9489443349
9207985116	998857920
9831207463	9492387128
9185792075	9255535196
9752431081	9590044000
9377705328	9153484132
998765301	9408888222
9154267639	9206815141
9958318637	9793989587
9658454656	9726532212
9100542041	9610057457
9315035530	9591914871
9241484753	9489178244
9956778407	990032477
9641680210	9248897156
9548119314	9222772362
9543892165	9259826621
9153416463	9831248797
9963516223	9812019636
9766541408	9797029190
9203125204	9520366925
9691311465	9174308737
9274461193	9399454651
9338147952	9610057457
9476120329	9668090536
9181347689	9938623230
993241408	9335475915
9403484475	9815043458
9756701636	9312942824
9938711396	9647629778
9223639006	9841232992
9515113316	9379885334
9518561927	9169180397
9187763007	9232442759
9204873615	9815043458
9148763375	9277149597
9140329884	9312942824
9398311907	992745113
9306765272	992745113
9561702650	9149041213
9194364188	9932727131
9241184539	9697861569
9863819762	9681305339
9898724398	9524723137
9805914952	9861710817
9675976159	9852528858
9767376383	9505607070
9671137350	998857920
9214293210	9472754866
9608877284	9483495098
9659959360	9312942824
9259150828	9271632603
9892689249	9489443349
9883465024	9793989587
9400973109	9805206465
9313045122	9129840870
9308279957	9483495098
9492350239	9839455214
9397882047	9520366925
9253517976	9174308737
9329266449	9408888222
9622571017	9840062906
9422015882	9464241229
9796597786	9271632603
9210481931	9542164205
9872623106	9277149597
9553140519	9153484132
9353513828	9408888222
9414210937	9841232992
9104017884	9738761352
9121935641	9831248797
9580914738	9489178244
9647860364	9222772362
9215258655	9148824031
9644519309	9698678893
9581825235	9591914871
9925122834	9408888222
9551125678	9248897156
9968160314	992745113
9882732059	9805206465
9282273220	9364038998
9585160697	9312942824
9972319021	9370747098
9737189830	9553232703
9606238788	9747603357
9838241589	9149041213
9694156959	9841232992
9431337093	9149041213
9756083669	9671416068
9321137649	9256386604
9872656309	9464241229
9691713555	9738761352
9584548274	9904077205
9713936339	9352924395
9330489459	9590044000
9520768874	9645018458
9491284228	9364038998
9720231814	9549408295
9237779410	9644474510
9410453758	9246016713
9364425523	9553232703
9258966255	9938623230
9326891875	9492387128
9109284009	9793989587
9192136498	9206815141
9181814210	9399454651
9252399274	9271632603
9143267962	9785997754
9350777165	9246016713
9529000892	9938623230
9615357566	9248897156
9316088272	9969496136
9701326653	9629709625
9561444965	9591914871
9196036452	9149041213
9338928245	9462425372
9550705354	9837705069
9432116315	9904077205
9564243612	9309633678
9765333799	9232442759
9859636343	9881190185
9984499585	9431278359
9661383453	9793989587
9831501241	9129840870
9403686697	9232442759
9191054059	9698678893
9173391195	9114383941
9827381861	9697861569
9319129460	9483495098
9269560485	9489178244
9138682823	9335475915
9648993726	9478360538
9190266653	9947781901
9140245568	9436584489
9260261434	9812019636
9807331384	9591914871
9559854284	9602141441
9311574515	9881190185
9716120818	9153484132
9694264009	9436584489
9869269594	9153484132
9707602522	9831248797
9287086806	9524723137
9830812931	990032477
9960061490	9801800339
9974775777	9815043458
9846236738	9230778641
9748198651	9681305339
993524595	9160469367
9431072429	998857920
9579038336	9881190185
9577048456	9969496136
9269937617	9738761352
9445374343	9255535196
9828347791	9660856551
9245155041	9549408295
9154106692	9464241229
9559960157	9399454651
9383408336	9698678893
9309176621	9483270280
9338854206	9489178244
9594010385	9681305339
9756989659	9153484132
9570669555	9434495055
9403093878	9335475915
9491014968	9808823541
9319808717	9647629778
9951843679	9492387128
9846132593	9149041213
9697974135	9947781901
9386372725	9938623230
9331431264	9232442759
9704839662	9866297166
9689283104	9747603357
9671384978	990032477
9966060080	9230778641
9785324251	9660856551
9673191240	9505607070
9460853835	990032477
9247521323	9246016713
9165761302	9364038998
9943726189	9602141441
9467045922	9698678893
9371322718	9831105527
9852006936	9492387128
9765973917	9434495055
9561423752	9609841317
9116917997	9364038998
9592643626	9609841317
9707604987	9543264233
9504708762	9255535196
9665002658	9591914871
9885096159	9553232703
9854537721	9805206465
9218210137	9206815141
9902267272	9277149597
9729458482	9160469367
9173629098	9259826621
9865560069	9610057457
9188998586	9866297166
9911672624	9232442759
9710283776	9779648571
9138996302	9797029190
9689919099	9505607070
9622699838	9246016713
9733872009	9520366925
9569332243	9837705069
9693655937	9408888222
9845324993	9881190185
9768846880	9698678893
9403755528	9505607070
9271229327	9697861569
9365234464	9129840870
9774451904	9277149597
9720595577	9206815141
9348951577	9160469367
9188008485	9549408295
9260909019	9793989587
9575200850	9255535196
9796127124	998857920
9868668295	9408888222
9754978144	9947781901
9796066121	9364038998
9652944075	9335475915
9885418991	9408888222
9352778617	9149041213
9375350820	9464241229
9248948185	9852528858
9814228388	9861710817
9922763196	9861710817
9222928873	9483270280
9687489651	9242887226
9285882863	9232442759
9146735356	992745113
9478110495	9520366925
9896533445	9609841317
9132160476	9697861569
9211800333	9866297166
9298176931	9785997754
9771223794	9681305339
9752762251	9591914871
9391140712	9489178244
9267868381	9866297166
9258593455	9751958519
9559642165	9256386604
9376506984	9747603357
9598966022	9805206465
9659808389	9399454651
9380376245	9505607070
9950314007	9747603357
9214108702	9122975023
9250338433	9246016713
9127211879	9938623230
9510233570	9408888222
9233984725	9256386604
9843444620	9837705069
9363437386	9271632603
9584174142	9812019636
9312039631	9352924395
9747373849	9610057457
9923713121	9206815141
9398538041	9122975023
9785840391	9815043458
9191651301	9645018458
9670004019	9309633678
9387646929	9808823541
9439236845	9462425372
9522861639	9852528858
9889754794	9489178244
9557226080	9697861569
9594460640	9698678893
9295309055	9837705069
9667948144	9602141441
9539838104	9671416068
9378302861	9839455214
9606947244	9602141441
9689686678	9543264233
9305156868	9698678893
9631510373	9668090536
9755969892	9370747098
9654938996	992745113
9712971921	9489443349
9855541966	9129840870
9618451939	9206815141
9912090915	9543264233
9621814485	9810766121
9815824630	9779648571
9272432646	9629709625
9241942105	9668090536
991095300	9232442759
9645650790	9434495055
9218831008	9169180397
9848788929	9222772362
9539644993	9629709625
9719856916	9801800339
9374583839	9668090536
9340234149	9483495098
9148547777	9852528858
992424414	9312942824
9738397606	990032477
9202363981	9169180397
9121158983	9489443349
9617143124	9472754866
9554504272	9808823541
9201933298	990032477
9738196935	9839455214
9695478258	9472754866
9224811987	9129840870
9572199402	9660856551
9570800033	9505607070
9620781276	9478360538
9544841189	9520366925
9764045250	9489178244
9739439478	9698678893
9312985459	9149041213
9363836618	9434495055
9869032429	9698678893
9131578449	9801800339
9162926629	9483495098
9294446141	9149041213
9346024870	9549408295
9115968017	9969496136
9630429881	9785997754
9522356741	9793989587
9608023640	9246016713
9616470921	9671416068
9965302638	9148824031
9791278422	9726532212
9250853522	9738761352
9233303334	9149041213
9345374918	9698678893
9963666698	9644474510
9730342078	9751958519
9724585618	9230778641
9450727395	9751958519
9782574111	9938623230
9919631819	9259826621
9186092452	9352924395
9618247701	9271632603
9385021698	9259826621
9603265913	9726532212
9892093016	9932727131
9345655791	9824472500
9642280732	9591914871
9789688309	9242887226
9385172121	9464241229
9739138986	9590044000
9827455482	9149041213
9648798784	9312942824
9327922280	9645018458
9323737168	9222772362
9335757689	9232442759
9106203500	9808823541
9354398172	9831248797
9660618829	9751958519
9607863305	9522778092
9250801784	9668090536
9184223307	998857920
9540388755	9841232992
9931742087	9483495098
9237349707	9520366925
9187240243	9543264233
9946567666	9483270280
9923350765	9149041213
9390641047	9256386604
9711594376	9610057457
9908384680	9645018458
9211580349	9148824031
9742946404	9660856551
9713142349	9222772362
9587023146	9505607070
9477848165	9489178244
9661350908	9647629778
9949075477	9542164205
9264460470	9505607070
9825725396	9543264233
9946631267	9591914871
9123648911	9852528858
9329042548	9751958519
9180990532	9938623230
9110312746	9861710817
9498907176	9602141441
9376933436	9671416068
9847499514	9947781901
9161546766	9312942824
9108296530	9553232703
9273580886	9969496136
9369263216	9815043458
9560449514	9591914871
9236055157	9174308737
9844338422	9610057457
9474122719	9174308737
9619542568	9246016713
9350271301	9837705069
9288384489	9335475915
9899413180	9726532212
9259935738	9698678893
9602500431	9837705069
9635079349	9271632603
9125006872	9522778092
9953893236	9596644557
9731831789	9645018458
9986900379	9246016713
9964125875	9610057457
9810423238	9483270280
9636295034	9852528858
9418096312	9647629778
9287315353	9129840870
9485531955	9881190185
9899497648	9505607070
9323201176	9489178244
9879967716	9698678893
9823782525	9543264233
9885383547	9489178244
9734548356	9431278359
9858788438	9230778641
9362799524	9932727131
9339003839	9489443349
9652925648	9668090536
9897594227	9808823541
9157359648	9866297166
9756190042	9793989587
9960511748	9610057457
9437834085	9255535196
9204709193	9256386604
9310020491	9524723137
9610234872	9222772362
9184223805	9797029190
9777748909	9861710817
9646970758	9522778092
9410694070	9483495098
9510884705	9969496136
9597727041	9399454651
9890638317	9309633678
9150784046	9246016713
9928377107	9399454651
9203080941	9645018458
9315932442	9399454651
9233163811	9505607070
9587019219	9255535196
9196068041	9553232703
9781619769	9462425372
9310709991	9505607070
9916882032	998857920
9473826670	9866297166
9234116198	9793989587
9245095522	9542164205
9929850904	9255535196
9475507614	9596644557
9320415753	9660856551
9831634034	9522778092
9234144365	9553232703
9702116646	9489178244
9973047059	9524723137
9159530805	9726532212
9736680845	9399454651
9590708997	9230778641
9954947981	9590044000
9601680835	9793989587
9933683990	9824472500
9649576210	9881190185
9177149147	9785997754
9253154685	9602141441
9314917010	9524723137
9786066060	9153484132
9727156925	9904077205
9462512652	9169180397
9131936869	9668090536
9483676179	9805206465
9170926433	9609841317
9125087858	9549408295
9505758922	9489178244
9410061911	9647629778
9616315401	9785997754
9732379205	9472754866
9374322453	9553232703
9762599170	9255535196
9550909179	9969496136
9496694277	9801800339
9705147994	9808823541
9883142912	9483270280
9592107855	9370747098
9195183321	9751958519
9823576847	9505607070
9398621597	9246016713
9512365929	9831105527
9402404612	9149041213
9431983492	9309633678
9569108635	9434495055
9227475145	9751958519
9605562047	9810766121
9320351565	9947781901
9250011192	9904077205
9560781238	9542164205
9121555271	9364038998
9393604005	9591914871
9900017067	9969496136
9721225059	9697861569
9959983460	9364038998
9166077900	9779648571
9191440237	9370747098
9458098884	9881190185
9401242873	9149041213
9798534784	9174308737
9804605736	9969496136
9680408392	9277149597
9883859124	9524723137
9778096940	9591914871
9912914435	9352924395
9153730872	9938623230
9220194641	9489178244
9966500416	9831105527
9590228364	9726532212
9512460670	9222772362
9984672111	9259826621
9767055209	9785997754
997217302	9483495098
9550331867	9785997754
9743654207	9852528858
9685703388	9543264233
9428307069	9785997754
9577109503	9222772362
9621120701	9524723137
9686565866	9785997754
9525870327	9681305339
9954339404	9524723137
9619283057	9726532212
9167368085	9248897156
9193300355	9645018458
9748047575	9379885334
9738277647	9932727131
9205135681	9114383941
9863608605	9793989587
9861279702	9681305339
9164077700	9312942824
9847550475	9436584489
9205186502	9610057457
9934371219	9352924395
9518765136	9812019636
9850357447	9148824031
9171372209	9153484132
9225838988	9839455214
9492302399	9271632603
9286213469	9801800339
9625462874	9434495055
9311784641	9610057457
9899945359	9277149597
9375368151	9462425372
9397813156	9645018458
9466700683	9255535196
9734437540	9431278359
9513567812	9861710817
9856660517	9852528858
9213569773	9505607070
9107126602	9837705069
9797572740	9861710817
999317965	9610057457
9356147887	9379885334
997143565	990032477
9573678744	9726532212
9295374729	9129840870
9331321775	9174308737
9552785182	9681305339
9859633460	9370747098
9538545876	9969496136
9744431771	9726532212
9714240678	9434495055
9715338070	9697861569
9888810917	9590044000
9375450081	9969496136
9551802725	9852528858
9362724945	9436584489
9311482680	9436584489
9568905508	9408888222
9938704003	9840062906
9680202067	9645018458
9244846392	9160469367
9445445169	9840062906
9102719334	9647629778
9622054684	9248897156
9553010203	9277149597
9797923701	9489178244
9225674515	9149041213
9638194866	9408888222
9945607479	9271632603
9559910863	9271632603
9485002193	9629709625
9594649486	9553232703
9470991357	9434495055
9559507669	9629709625
9756485472	9483495098
9720177583	9129840870
9514562559	9114383941
9696362372	9160469367
9822329914	9431278359
9829407231	9797029190
9758870813	9645018458
9304776144	9524723137
9853704562	990032477
9497882986	9230778641
9287130525	9206815141
9890789827	9602141441
9161892463	9129840870
9389414338	9255535196
9936791438	9698678893
9756141717	9542164205
9437191638	9815043458
9661115760	9309633678
9334804915	9259826621
9946987539	9153484132
9119706662	9591914871
9696529030	9797029190
9971226192	9312942824
9790272860	9644474510
9971172047	9810766121
9142218531	9153484132
9692793706	9153484132
9205648832	9542164205
9441947410	9969496136
9548229964	9801800339
9423125662	9148824031
9105821630	9277149597
9352325702	9524723137
9837803355	9230778641
9341174701	9697861569
9523226519	9149041213
9532294521	9399454651
9756730687	9660856551
9974581338	9805206465
9825916880	9230778641
9288891617	9431278359
9577749010	9492387128
9689566581	992745113
9310559003	9590044000
9195294997	9489178244
9860359616	9932727131
9184004481	9122975023
9385423242	9169180397
9520788168	9969496136
9891463731	9938623230
9515315446	9472754866
9781262024	9805206465
9945741302	9681305339
9957205645	9312942824
9319820460	9805206465
9452965627	9779648571
9130748970	9483270280
9321413641	9464241229
9805197260	9805206465
9559885956	9812019636
9234064874	9259826621
9111029450	9489178244
9322678942	9852528858
9837719367	9309633678
996474373	9464241229
9733916911	9148824031
9150635568	9464241229
9699838812	9149041213
9637745452	9129840870
9779440317	9520366925
9146179535	9256386604
9430966091	9524723137
9333798544	9824472500
9977203341	9644474510
9946435137	9242887226
9761074863	9861710817
9268736074	9256386604
9814338695	9866297166
9826113175	9645018458
9232414995	9222772362
9680872225	9861710817
9836739763	9277149597
9743031041	9904077205
9797548799	9232442759
9846903559	9242887226
9484624263	9793989587
9728219037	9681305339
9811289983	9969496136
9873361119	9149041213
9437820942	9232442759
9702253471	9904077205
9704435668	9751958519
9589484713	9232442759
9671169768	9129840870
9124457147	9160469367
9952182352	9431278359
9860659830	9590044000
9945426191	9149041213
9106608077	9232442759
9975116274	990032477
9266558095	9726532212
9784060339	9114383941
9147796584	9169180397
9635668941	9256386604
9113121516	9370747098
9711341444	9852528858
9772072059	9861710817
9817928283	9839455214
9372531526	9812019636
9452098487	9932727131
9175519308	9543264233
9703696178	998857920
9870303125	9881190185
9818547250	9312942824
9214405739	9553232703
9382682977	9232442759
9663645048	9808823541
9934574820	9779648571
9391039585	9815043458
9559729561	9808823541
9480226252	9436584489
9672872034	9726532212
9118979906	9797029190
9346947611	9524723137
9711489667	9153484132
9405304218	9873805431
9974239160	9256386604
9653668806	9904077205
9279653617	9483495098
9291911306	9522778092
9864118650	9591914871
9212093337	9591914871
9122541608	9590044000
9658927673	9230778641
9170317869	9840062906
9301528663	9644474510
9865381173	9148824031
9741212281	9436584489
9547957918	9364038998
9259108864	9122975023
9673712274	9602141441
9489479950	9779648571
9687160043	9522778092
9289885333	9436584489
9406545911	9779648571
9467724229	9489443349
9768819636	9881190185
9414179591	9462425372
9913913762	9671416068
9491222562	992745113
9571216414	9591914871
9815088446	9256386604
9947949121	9866297166
9580514358	9522778092
9709101468	9553232703
9974032571	9671416068
9781640108	9629709625
9831742584	9489443349
9511901702	9122975023
9607238790	9841232992
9654395483	9256386604
9628749474	9255535196
9672682303	9839455214
9241046903	9805206465
9488564003	9505607070
9547317072	9174308737
9124507905	9938623230
9388931574	9174308737
9346047606	9122975023
9626943100	9747603357
9225843141	9312942824
9318129860	9259826621
9419149299	9610057457
9610542982	9839455214
9761632983	9271632603
9318765285	9206815141
9474796291	9797029190
9777468337	9969496136
9391703815	9549408295
9813358618	9543264233
9696278996	992745113
9420232898	9793989587
9903125481	9489443349
9869616365	9841232992
9691646428	9399454651
9240336248	9747603357
9448175304	9524723137
9704387539	9309633678
9862898927	9489178244
9763576173	9751958519
9774544472	9148824031
9391679183	9785997754
9655118433	9841232992
9800240018	9747603357
9579427504	9815043458
9712621277	9335475915
9129677148	9660856551
9200565952	9492387128
9444135346	9379885334
9610271982	9904077205
9730665377	9873805431
9580864552	9668090536
9930872855	9129840870
9337153266	9644474510
9438678733	9122975023
9620691502	9370747098
9848321121	9434495055
9708408194	9492387128
9331105759	9122975023
9756461837	9489443349
9217665461	9793989587
9798469955	9505607070
9193056386	9431278359
9821896524	9434495055
995709421	9698678893
9244133542	9436584489
9648071836	9644474510
9510691913	992745113
9636715819	9810766121
9841920705	9609841317
9702756681	9697861569
9161802764	9779648571
9799614999	9812019636
9552628643	9947781901
9524473624	9797029190
9492729375	9489178244
9632221290	9647629778
9250953210	9947781901
9596241725	9129840870
9131199484	9408888222
9989098019	9629709625
9583077299	9602141441
9317978502	9379885334
9820635610	9312942824
9264712019	9129840870
9720114684	9248897156
9248226715	9524723137
9699798397	9149041213
9548517843	9808823541
9220300488	9881190185
9705506463	9160469367
9381996605	9969496136
9733612697	9602141441
9937818450	9553232703
9473432941	9698678893
9884254386	9399454651
9235602507	9596644557
9741155793	9644474510
9478740987	9248897156
9581826405	9431278359
9303319734	9698678893
9728876388	9492387128
9436356422	9602141441
9388451623	9248897156
9928033765	9610057457
9155702622	9489178244
9980655465	9335475915
9487736117	9462425372
9582794201	9647629778
9306796884	9805206465
9627052264	9312942824
9966055632	9629709625
9848547899	9462425372
9983132999	9489178244
9533055472	9824472500
9922368678	9520366925
9208670335	9932727131
9485848446	9364038998
9552934568	9399454651
9755330597	9242887226
9218551916	9726532212
9312467921	9370747098
9905136298	9520366925
9853099175	9335475915
9681879736	9793989587
9702888850	9831248797
9596591987	9492387128
9936222654	9660856551
9290255627	9812019636
9398019489	9169180397
9173056450	992745113
9929000668	9839455214
9507791005	9483495098
9698960125	9645018458
9389618873	9431278359
9859708550	9277149597
9807319129	9160469367
9639618449	9726532212
9320526600	9520366925
9215075935	9242887226
9589865317	9399454651
9910648908	9248897156
9452462129	9255535196
999410074	9206815141
9844016069	9602141441
9197607580	9726532212
9330414239	9645018458
9973754526	9483495098
9626827302	9492387128
9221212534	9629709625
9350283624	9364038998
9675473988	9242887226
9772912541	9904077205
9892600564	9408888222
9417363849	9738761352
9343655618	9697861569
9463351751	9698678893
9521470906	9483270280
9114838161	9489178244
9900717777	9824472500
9411061354	9629709625
9940006531	9129840870
9751432790	9524723137
9865616522	9873805431
9544265883	9259826621
9530463663	9230778641
9882367309	9148824031
9199040790	9797029190
994712310	9751958519
9669320172	9542164205
9522742819	9815043458
9705986630	9464241229
9122267242	9779648571
9925873297	9148824031
9697508546	9596644557
9946101191	9947781901
9632537845	9271632603
9878177611	9259826621
9497147217	9861710817
9927187213	9312942824
9869157167	9153484132
9534213652	9801800339
9333220312	9434495055
9582258437	990032477
9787374280	9149041213
9571177773	9242887226
9512913425	9938623230
9555536708	9629709625
9140590020	9520366925
9230784196	9524723137
9676722478	9697861569
9547781395	9840062906
9836478919	9489178244
9833469390	9751958519
9468421528	9932727131
9596341613	9524723137
9444337923	990032477
9599389867	9160469367
9231452560	9841232992
990322102	9797029190
9960302531	9149041213
9889103693	9230778641
9750878183	9492387128
9346253115	9824472500
9462071097	9596644557
9101826554	9129840870
9385037527	9408888222
9594655209	9478360538
9309777599	9160469367
9294152742	9489178244
9756046260	9489178244
9852889274	9524723137
9474653977	9148824031
9507132131	9904077205
9893281182	9671416068
9184682838	9543264233
9802122148	9379885334
9514593242	9271632603
9448990052	9947781901
9671722800	9364038998
9140956797	9840062906
9230603305	998857920
9430167278	9335475915
9647705427	9861710817
9795159188	9697861569
9938956115	9335475915
9915836149	9114383941
9570234509	9738761352
9780182885	9462425372
9332577817	9904077205
9853878120	9808823541
9130957751	9549408295
9690151828	9462425372
9575741744	9255535196
9756549940	9793989587
9529332459	9335475915
9907711530	9505607070
9226982562	9489443349
9338828979	9472754866
9860410976	9596644557
9213153930	9808823541
9485600642	9174308737
9468727730	9644474510
9292036540	990032477
9774456530	9122975023
9649647044	9370747098
9123717867	9174308737
9831840098	9232442759
9424876522	9609841317
9198279913	9408888222
9872404460	9148824031
9309428847	9543264233
9159740368	9153484132
9836382715	9370747098
9125591216	9596644557
9524157045	998857920
9109069687	9751958519
9264335288	9543264233
9525877094	9793989587
9833869622	9271632603
9667683853	9697861569
9260827793	9815043458
9969925028	9738761352
9785009488	9472754866
9489420146	9352924395
9591608807	9148824031
9682543547	9309633678
9509478802	9738761352
9377111725	9114383941
9882057671	9206815141
9286721596	9805206465
9438645202	9793989587
9724964550	9831248797
9416472052	9122975023
9238757430	9671416068
9309883240	9839455214
9194973444	9553232703
9451961105	9938623230
9822622049	9148824031
9366042047	9242887226
9834018184	9492387128
9359835096	9483270280
9922698114	9256386604
9673229472	9805206465
9763280026	9840062906
9732381894	9904077205
9219034332	9831248797
9107303635	9271632603
9796619545	9779648571
9717921056	9840062906
9674256761	990032477
9384462237	9543264233
9269556213	9861710817
9472026213	9483270280
9706276870	9779648571
9936320535	9222772362
9785490370	9873805431
9937806188	9647629778
9865937692	9668090536
9354868447	9129840870
9810808369	9230778641
9593135655	9114383941
9463737959	9522778092
9557697251	9647629778
9275511307	9222772362
9727725765	9815043458
9814775584	9681305339
9148886969	9492387128
9361008066	9841232992
9437925710	9542164205
9396050551	9129840870
9575944559	9591914871
9981713337	9230778641
9552145393	9520366925
9735268146	9590044000
9308183884	9785997754
9492091137	9602141441
9824790143	9129840870
9675282956	9472754866
9186937840	9408888222
9575784635	9839455214
9161598122	9938623230
9983324521	9932727131
9122993486	9246016713
9598472558	9738761352
9864270703	9153484132
999144917	9489443349
9841640649	9815043458
9131093261	9492387128
9107287038	9271632603
9741229264	9169180397
9300724761	9483495098
9675076704	9932727131
9684792692	9645018458
9515209441	9259826621
9732094261	9431278359
9546225250	9370747098
9390453637	9408888222
9193621967	9335475915
9181833671	9590044000
9498883538	9206815141
9618165979	9408888222
9561150260	998857920
9249672515	9483270280
997038537	9861710817
9296511687	9464241229
9344492455	9837705069
9752960924	9505607070
9163990066	9793989587
9894851794	9174308737
9770994797	9629709625
9865602562	9408888222
9767232394	9938623230
9763946715	9242887226
9925191720	9852528858
9407335405	9866297166
9620187801	9246016713
9498995083	9801800339
9697392936	9841232992
9583751071	9797029190
9407432467	9122975023
9737981256	9364038998
9443458360	9256386604
9102443301	9542164205
9165055491	9543264233
9133222403	9370747098
9199901293	9489443349
9815676134	9881190185
9872791536	9751958519
9559005607	9671416068
9623460726	9352924395
9364962690	9610057457
9839567761	9379885334
9743205636	9259826621
9849283129	9647629778
9827944751	9553232703
9189105820	9841232992
9235774196	9483495098
9386854597	9472754866
9492964026	9436584489
9877219192	9660856551
9751991057	9805206465
9697823856	9256386604
9911715924	9259826621
9697446944	9256386604
9253367690	9660856551
9524856640	9242887226
9405375881	9169180397
9656664106	990032477
9554094316	9596644557
9865662344	9174308737
9324589502	9232442759
9327309556	9793989587
9865920604	9553232703
9611333320	9793989587
9188716668	9873805431
9107871999	9271632603
9319360908	9747603357
993137587	9232442759
9354720509	9431278359
9748274478	9174308737
9324114610	990032477
9306905538	9478360538
9491091748	9489178244
9621798452	9698678893
9556592152	9831248797
9209151219	9472754866
9357199103	990032477
9450187540	9114383941
9587437435	9938623230
9104068897	9399454651
9613456288	9660856551
9213571933	9122975023
9486937055	9335475915
9465545515	9489178244
9712696300	9520366925
9201854079	9831248797
9271207397	9312942824
9163329545	9148824031
9148143685	9932727131
9389195962	9543264233
9977049594	9543264233
9987497084	9726532212
9558375171	9815043458
9638249017	9114383941
9478363610	9160469367
9390355647	9947781901
9114659644	9431278359
9865767004	9242887226
9782011630	9808823541
9489926225	9841232992
9641067729	9810766121
9526242554	9841232992
9566021673	9852528858
9404144507	9309633678
9442741875	9841232992
9595208063	9947781901
9948021682	9478360538
9409921690	9779648571
9942717430	9590044000
9658841481	9543264233
9496795195	9277149597
9746205359	9785997754
9552685375	9478360538
9141517725	9259826621
9724848928	9483495098
9605181470	9801800339
9728087340	9747603357
9327946191	9246016713
9324882772	9472754866
9380757663	9230778641
9782933425	9779648571
9461535046	9174308737
9738053240	9747603357
9568468766	9779648571
9564733812	9839455214
9325623196	9246016713
9866920604	9472754866
9835945087	9747603357
9614934109	9801800339
9339219876	9837705069
9370970561	9873805431
9308083934	9364038998
9465245943	9609841317
9323893374	9881190185
9607600889	9969496136
9336065231	9815043458
9445262539	9793989587
9123448826	9602141441
9606463999	9698678893
9444351784	9831248797
9901750581	9609841317
9983035870	9472754866
990055644	9149041213
9874814719	9969496136
9155008636	9335475915
9519327051	9697861569
9178440653	9408888222
9172124761	9839455214
9842682871	9408888222
9438407359	9483270280
9741006289	9543264233
9779550154	9629709625
9326430629	9335475915
9483015417	9645018458
9783133811	9222772362
9739301533	9801800339
9461822586	9698678893
9915777347	9805206465
9380678776	9839455214
9216564622	9660856551
9256874052	9489443349
9970073429	9779648571
9200151000	9246016713
9491361328	9408888222
9869596007	9801800339
9725178732	9837705069
9267484391	9738761352
9287379729	9837705069
9419956522	9483270280
9587317765	9492387128
9773287646	9647629778
9831913822	9738761352
9416643370	9553232703
9883274259	9129840870
9727466192	9797029190
9666053380	9938623230
9824017965	9861710817
9698196386	9464241229
9401106188	9808823541
9149264771	9242887226
9619652025	9938623230
9714238307	9246016713
9218511001	9805206465
9727503189	9520366925
9217836624	9129840870
9631678327	9256386604
9687280985	9542164205
9458997117	9671416068
9559455238	9206815141
9879154641	9434495055
9979327071	9751958519
9116845388	9904077205
9193610604	9801800339
9544659090	9478360538
9300708764	9370747098
9212567799	9660856551
9901396510	9232442759
9783929543	9852528858
9113187387	9697861569
9109749502	9904077205
9237205033	9370747098
9687881689	9837705069
995384773	9831105527
9721920211	9839455214
9887959601	9277149597
9715720649	9408888222
9756438593	9591914871
9813808523	9160469367
9375664941	9590044000
9225373257	9671416068
9640044412	9542164205
9550112217	9553232703
9453664144	9645018458
9157881410	9866297166
9581775492	9543264233
9960924874	9248897156
9171993671	9815043458
9557397305	9591914871
9707570680	9259826621
9817959867	9801800339
9712226949	9839455214
9833421164	9610057457
9386281245	9277149597
9740711802	9277149597
9817196966	9370747098
996921732	9801800339
9774167091	9726532212
9276696641	9747603357
9565988832	9524723137
9526980872	9370747098
9814233112	9462425372
9924910530	9797029190
9869592570	9932727131
9749602136	9277149597
9278296239	9824472500
9396648453	9434495055
9687607114	9609841317
9635324438	9431278359
9264673869	9483270280
9532823013	9335475915
9491385721	9812019636
9447281189	9114383941
9789384136	9472754866
9221924155	9505607070
9924013840	9671416068
9896345674	9153484132
9733748926	9840062906
9687760291	9122975023
9232509894	9431278359
9985003242	9660856551
9236289978	9408888222
9341121672	9431278359
9572639409	9938623230
9646590838	9436584489
9441808878	9242887226
9714506423	9596644557
9211733515	9785997754
9111544777	9831105527
9245541594	9524723137
9224049917	9379885334
9179902034	9609841317
9757296936	9738761352
9695277854	9797029190
9427798228	9352924395
9145032092	9697861569
9723460473	9122975023
9939336593	9242887226
9174466128	9602141441
9811962734	9810766121
9398945421	992745113
9433287392	9129840870
9961820405	9148824031
9671226072	9174308737
9712644774	9489443349
9743309111	9671416068
9248828947	9520366925
9347745948	9222772362
9784331794	9801800339
9509076029	9969496136
990716433	9785997754
9124884219	9489443349
9817409187	9489178244
9754062125	9436584489
9191067057	9222772362
9744225796	9174308737
9140150588	9751958519
9156154367	9839455214
9490115082	9246016713
9706492715	9492387128
9327075209	9647629778
9616465375	9312942824
9833363597	9553232703
9623977988	9206815141
9157096104	9831105527
9489236027	9815043458
9789672504	9647629778
9199889879	9681305339
9890082814	9464241229
9760719058	9645018458
9212955941	9483495098
9634997255	9206815141
9968478783	9256386604
9189933835	9590044000
9466629996	9969496136
9286966448	9805206465
9875614594	9591914871
9649183009	9932727131
9154951366	9309633678
9432780555	9489178244
9407357083	9697861569
9927222033	9698678893
9130387339	992745113
9409631517	9824472500
9538735541	9881190185
9682971548	9153484132
9371158143	9232442759
9334675805	9841232992
9692185137	9505607070
9462663898	9681305339
9348091786	9436584489
9129044154	9837705069
9439048483	9522778092
9118313945	9379885334
9324932439	9881190185
9896496236	9335475915
9490975929	9738761352
9890405008	9462425372
9361242707	9785997754
9532110553	9522778092
9762865039	9462425372
9442680537	9660856551
9312040628	9738761352
9861400462	998857920
9713980111	9969496136
9961932128	9645018458
9743311801	9549408295
9635246826	9831248797
9198892263	9671416068
9260674444	9629709625
9407537432	9122975023
9231037987	9464241229
9184880520	9472754866
9845597787	9431278359
9548378953	9242887226
9935407507	9312942824
9217434975	9160469367
9139688897	9246016713
9428659584	9866297166
9808960597	9489443349
9540502175	9837705069
9870910462	9434495055
9200783777	9492387128
9158379568	9543264233
9803113630	9248897156
9765330268	9122975023
9463735043	998857920
9166299164	9483270280
9109038054	9841232992
9107590291	9671416068
9675792657	9861710817
9954342168	9434495055
9691097821	9810766121
9256606613	9472754866
9617108052	9738761352
9179706166	9464241229
9616790422	9904077205
9629390563	9379885334
9321281516	9408888222
9690691884	9122975023
9756855426	9629709625
990881919	9697861569
9420079603	9549408295
9891563824	9697861569
9173427721	9738761352
9812684666	9668090536
9570434214	9271632603
9192133764	9647629778
9209417398	9697861569
9288595940	9815043458
9157863648	9881190185
9842457839	9610057457
9885757250	9160469367
9619818844	9256386604
9295456502	9543264233
9278037768	9831248797
9438158173	9671416068
9507749705	9645018458
9962558882	9309633678
9725916805	9472754866
9950013311	9591914871
9417230415	9248897156
9852305618	9590044000
9947061099	9840062906
9763091614	9969496136
9298156551	9881190185
9522136164	9647629778
9915417160	9483270280
9472661076	9726532212
9978331718	9609841317
9666435586	9489178244
9959035883	9169180397
9938682768	9148824031
9765458937	9810766121
9155441603	9436584489
9513653894	990032477
9769715956	9242887226
9621159612	9206815141
9509558010	9873805431
9964122730	9866297166
9961175030	9335475915
9894910697	9483495098
9303215209	9553232703
9174076709	9408888222
9294578853	9747603357
9730790667	9522778092
9117418608	9246016713
9729229701	9831105527
9429433149	9524723137
9684925076	9824472500
9185125221	9596644557
9144691984	9543264233
9244386678	9431278359
9316521978	9681305339
998589357	9271632603
9811697106	992745113
9609301617	9609841317
9740388326	9248897156
9272817968	9738761352
9284130227	9352924395
9494878868	9483270280
9753817484	9174308737
9584276129	992745113
9130247710	9815043458
9651478955	9808823541
9575738891	998857920
9828983491	9812019636
9699979238	9549408295
9713779168	9542164205
9461020108	9364038998
9669142162	9206815141
9683202731	9483495098
9112907362	9831248797
9577812300	9222772362
9562436717	9169180397
9759382827	9668090536
9802693336	9596644557
9660829350	992745113
9893146980	9831105527
9963963460	9222772362
9131678168	9312942824
9878451616	9644474510
9349214190	9797029190
9521905234	9122975023
9217522297	9590044000
9176544611	9932727131
9214401063	992745113
9123758322	9431278359
9105452866	9697861569
9286883537	9596644557
9769686586	9352924395
9544661124	9160469367
9217391017	9549408295
9413074057	9174308737
9523036015	9483495098
9731655838	9543264233
9223399734	9309633678
9231860113	9522778092
9211686704	9522778092
9509711178	998857920
9492092915	9602141441
9272709213	9831105527
9246090496	9969496136
9681842964	9352924395
9401646132	9169180397
9663566123	9840062906
9289653190	9505607070
9723723372	9524723137
9518049960	998857920
9355665115	9681305339
9893411704	9222772362
9798169188	9785997754
9572246309	9668090536
9965292009	9505607070
9129789756	9609841317
9639899911	9840062906
9692788413	992745113
9695386019	9379885334
9894572416	9232442759
9685956246	9149041213
9975665082	9793989587
9924872493	9489443349
9671240238	9801800339
9252169655	9810766121
997930103	9726532212
9578616919	9256386604
9576803802	9866297166
9381073423	9938623230
9206776841	9169180397
9415890856	9904077205
9533279003	9873805431
9311646256	9464241229
9340699417	9543264233
9900240542	9645018458
9733943806	9810766121
9146278477	9242887226
9464380367	9478360538
9938648654	9738761352
998517258	9866297166
9915351979	9793989587
9623945918	9522778092
9502879970	9815043458
9636401069	9543264233
9664824215	9222772362
9654229239	9129840870
9470901346	9668090536
9762124726	9246016713
9717207026	9370747098
9694682462	9149041213
9451266964	9797029190
9432134523	9947781901
9481330754	9698678893
9295577867	9726532212
9978359239	9489178244
9697067198	9489178244
9811284534	9524723137
9421139121	9370747098
9491375907	9793989587
9288648795	9149041213
9139923196	9947781901
9281243055	9232442759
9234954341	9779648571
9185359478	9129840870
9237331267	9408888222
9948332570	9399454651
9744323248	9831105527
9326004824	9932727131
9869635192	9668090536
9941181400	992745113
9802872669	9590044000
9765334135	9129840870
9658553792	9904077205
9682151259	9489178244
9985032771	9841232992
9890846570	9969496136
9967077993	9831248797
9559582097	9522778092
9622352170	9793989587
9444925738	9232442759
9861670393	9160469367
9951956026	9645018458
9655666268	9549408295
9921443029	9352924395
9226375078	9553232703
9195475470	9866297166
9761246388	9309633678
9730970855	9277149597
9429228580	990032477
9201696456	9379885334
9963820106	9248897156
9253745937	9932727131
9266362501	9246016713
9856857164	9947781901
9174353663	9591914871
9724523550	9436584489
9434188274	9681305339
9559542908	9596644557
9515487060	9671416068
9918463242	9698678893
9305054925	9841232992
9678327815	9698678893
9422511995	9831105527
9332186606	9114383941
9706770433	9232442759
9236033974	9259826621
9232784137	992745113
9679147964	990032477
9531377020	9483495098
9652248577	990032477
9101459447	9837705069
9443458258	9478360538
9423571527	998857920
9100739831	9520366925
9906445813	9726532212
9861302954	990032477
9924160806	9505607070
9463412066	9596644557
9130460332	9793989587
9524094687	9399454651
9668943528	9206815141
9587440914	9644474510
9133082930	9881190185
9122500973	9408888222
9468408363	9312942824
9177228987	9230778641
9550696931	9399454651
9375488011	9810766121
9418639531	9596644557
9177822564	9122975023
9787207236	9114383941
9713520722	9938623230
9818820331	9472754866
9131430455	9660856551
9983426750	9222772362
9210060076	9222772362
9795725020	9472754866
9413684910	9277149597
9878021539	9553232703
9680498174	9808823541
9460589997	9543264233
9381285886	9824472500
9697905590	9246016713
9392671600	9271632603
9948754707	9434495055
9787668740	9379885334
9340975524	9364038998
9358093822	9873805431
9517462936	9230778641
9148336454	9431278359
9539076118	9793989587
9398047220	9644474510
9402215101	9797029190
9162496710	9543264233
9914087131	9399454651
9203675319	9815043458
9157062331	9629709625
9422644369	9609841317
9865022087	9671416068
9134215974	9801800339
9229232586	9379885334
9668730396	9206815141
9449029627	9542164205
9322515902	9793989587
9943479950	9379885334
9268557455	9522778092
9444188164	9505607070
9481967514	9309633678
9796547194	9248897156
9131042861	9969496136
9106984218	9153484132
9334008353	9698678893
9787132691	9697861569
9783989740	9520366925
9362365410	9230778641
9800323928	9591914871
9131751998	9837705069
9473006777	9206815141
9589258373	9932727131
9928894628	9335475915
9441884805	9246016713
9963217340	9596644557
9789442453	9379885334
9148027114	9522778092
9562798074	9647629778
9150398400	9866297166
9452669738	9483495098
9367511090	9831248797
9499435642	9364038998
9313190180	9160469367
9955922067	9932727131
9871041847	9520366925
9679765201	9861710817
9763016891	9797029190
9559695631	9647629778
9769049369	9232442759
9130973178	9462425372
