9797029190
9644474510
9831248797
9309633678
9881190185
9483270280
9472754866
9431278359
9697861569
9726532212
9543264233
9805206465
9246016713
9810766121
9379885334
9309633678
9873805431
9815043458
9408888222
9431278359
9596644557
9726532212
9472754866
9149041213
9492387128
9489443349
9808823541
9609841317
9242887226
9277149597
9230778641
9668090536
9839455214
9698678893
9904077205
9352924395
9810766121
9831248797
9478360538
9726532212
9129840870
9793989587
9230778641
9837705069
9232442759
9259826621
9248897156
9629709625
9947781901
9114383941
9969496136
9660856551
9668090536
9671416068
9779648571
9543264233
9256386604
9644474510
9947781901
9837705069
9522778092
9436584489
9408888222
9590044000
9881190185
9812019636
9492387128
9815043458
9824472500
9478360538
9805206465
9232442759
9248897156
9668090536
998857920
9431278359
9596644557
9797029190
9174308737
9812019636
9246016713
9542164205
9489178244
9520366925
9277149597
9839455214
9831248797
9602141441
9483495098
9697861569
9779648571
9222772362
9399454651
9947781901
9549408295
9831105527
9553232703
9660856551
9160469367
9370747098
9277149597
9681305339
9259826621
9660856551
9370747098
9610057457
9671416068
9609841317
9805206465
9932727131
9747603357
9364038998
9148824031
9148824031
9114383941
9489443349
9644474510
9335475915
990032477
9881190185
9553232703
9831105527
9505607070
9785997754
9831105527
9543264233
9866297166
9434495055
9408888222
9671416068
9810766121
9698678893
9810766121
9408888222
9824472500
9256386604
9969496136
9399454651
9312942824
9839455214
9160469367
9524723137
9726532212
9114383941
9248897156
9464241229
9524723137
9831105527
9149041213
9831248797
9932727131
9785997754
9399454651
9647629778
9478360538
9542164205
9841232992
9434495055
9309633678
9596644557
992745113
9335475915
9364038998
9472754866
9644474510
9169180397
9840062906
9810766121
9232442759
9726532212
9352924395
9242887226
9492387128
9591914871
9591914871
9873805431
9785997754
9148824031
9810766121
9489443349
9434495055
9645018458
9671416068
9472754866
9553232703
9472754866
9232442759
9808823541
9129840870
9904077205
9549408295
9543264233
9309633678
9747603357
9671416068
9122975023
9542164205
990032477
9483270280
9932727131
9660856551
9738761352
9543264233
9505607070
9114383941
9543264233
9698678893
9808823541
9222772362
9483270280
9837705069
9852528858
9831248797
9483495098
9522778092
9747603357
9543264233
9464241229
9505607070
9259826621
9335475915
9609841317
992745113
9271632603
9779648571
9747603357
9726532212
9522778092
9785997754
9483495098
9596644557
9697861569
9309633678
9553232703
9462425372
9271632603
9553232703
9831248797
9866297166
9522778092
9271632603
9793989587
9866297166
9644474510
9808823541
9478360538
9431278359
9352924395
9222772362
9861710817
9222772362
9904077205
9831248797
9462425372
9644474510
9824472500
9522778092
9242887226
9785997754
9352924395
9542164205
9810766121
9797029190
9698678893
9785997754
9256386604
9779648571
9277149597
9232442759
9364038998
9148824031
9259826621
9483270280
9232442759
9932727131
9645018458
9797029190
9932727131
9812019636
9866297166
9839455214
9852528858
9738761352
9779648571
9969496136
9647629778
9840062906
9522778092
998857920
9129840870
9232442759
9160469367
9596644557
9866297166
9549408295
9242887226
9839455214
9505607070
9464241229
9947781901
9873805431
9222772362
9602141441
9697861569
9697861569
9114383941
9312942824
998857920
9904077205
9122975023
9431278359
9256386604
9478360538
9542164205
9671416068
9255535196
9335475915
9596644557
9483495098
9629709625
9590044000
9644474510
9726532212
9645018458
9492387128
9837705069
9169180397
9483495098
9335475915
9668090536
9831248797
9590044000
9232442759
9434495055
9938623230
9726532212
9837705069
9590044000
9160469367
9542164205
9256386604
9259826621
9370747098
9947781901
9542164205
9492387128
9153484132
9492387128
9668090536
9785997754
9436584489
9831105527
9309633678
9122975023
9793989587
9408888222
9242887226
9815043458
9542164205
9483495098
9549408295
9660856551
9462425372
9399454651
9160469367
9256386604
9174308737
9434495055
9542164205
9553232703
9938623230
9399454651
9645018458
9629709625
9839455214
9259826621
992745113
9122975023
9866297166
9697861569
992745113
9520366925
9801800339
9726532212
9364038998
9522778092
9256386604
9797029190
9793989587
9629709625
9256386604
9785997754
9837705069
9259826621
9230778641
9751958519
9852528858
9602141441
9246016713
9149041213
9259826621
9505607070
9153484132
9861710817
9483495098
9542164205
9271632603
9242887226
9938623230
9230778641
9644474510
9489443349
9549408295
9831248797
9969496136
9520366925
9472754866
9873805431
9881190185
9483270280
9602141441
9671416068
992745113
992745113
9697861569
9399454651
9837705069
9232442759
9681305339
990032477
9947781901
9114383941
9122975023
9590044000
992745113
9242887226
9505607070
9602141441
9873805431
9169180397
9312942824
9160469367
9256386604
9596644557
9681305339
9149041213
9122975023
9335475915
9408888222
9434495055
9248897156
9436584489
9785997754
9153484132
9464241229
9824472500
9522778092
9801800339
9591914871
9808823541
9785997754
998857920
9837705069
9259826621
9747603357
9222772362
9522778092
9436584489
9246016713
9660856551
9839455214
9149041213
9520366925
992745113
9169180397
9335475915
9277149597
9478360538
9866297166
9747603357
9464241229
9866297166
9797029190
9248897156
9335475915
9271632603
9812019636
9881190185
9436584489
9751958519
9644474510
9590044000
9483495098
9489443349
9364038998
9524723137
9242887226
9947781901
9492387128
9149041213
