9386295391
9439261978
9506401176
9322450609
9158397303
9186393109
9275766197
9138458295
9587900704
9604699441
9201409255
9504100728
9536077854
9367584161
9907169594
9580952797
9207013105
9316889553
9579550898
9939894137
9483817470
9893156245
9277384824
9132931528
9203904857
9765665905
9864310225
9469127357
9977385934
9870937369
9869735290
9597494047
9269139429
9751256441
9239516127
9784186136
9884749160
9895854737
9946276772
9133920258
9623249630
9326513035
9591111721
9746275109
9785501348
9136649839
9343354172
9716371814
9256021403
9188365927
9233158506
9886407350
9208223233
9395451032
9332838180
9129611381
9918274091
9872018513
9137215648
9601419735
9411156870
9606219596
9280682518
9624005280
9304027513
9626398408
9309235330
9479779391
9756587738
9563084620
9359442306
9877075300
9385946743
9974380207
9183114437
9816947076
9354324812
9494582480
9896394286
9233865168
9391955034
9386295438
9925043385
9205063219
9674669050
9424816419
9863899513
9323387234
9835905654
9820245762
9567792708
9106721820
9556261122
9787551903
9943648963
9173415307
9240203048
9807734484
9119078098
9847598404
9459198877
9584263537
9621433023
9970888909
9613264281
9288132562
9313144275
9787697102
9638815139
9402148870
9594075090
9840194775
9169710979
9320494276
9399708621
9755982914
9640506690
9733124903
9395170283
9736591172
9606182847
9826238446
9689404940
9758164563
9541004732
9659822941
9271269486
9477040678
9670662878
9641210787
9899868225
9492393506
9986477837
9399597303
9365149851
9155717014
9188205415
9780642939
9971600793
9132645079
9202857461
9622563625
9387811872
9816451557
9230957226
9345523870
9447760602
9764546832
9778777372
9684682246
9485844021
9279385262
9645362523
9823899232
9837012295
9483420246
9546516952
9841902459
9635795412
9944091408
9874442418
9565614427
9303581598
9389301097
9611339396
9236383231
9622197063
9716434985
9338039468
9134016701
9853653793
9738704247
9804615236
9670805716
9180872663
9531434330
9258917911
9763132317
9712256665
9137898381
9761122020
9311793847
9914179018
9969390423
9947610253
9873834059
9609768819
9987456537
9745910468
9388457720
9109817220
9287549835
9483900853
9327514848
9722193880
9312847608
9181128061
9477076384
9119855066
9114566571
9957837067
9720783176
9334341000
9240835085
9148190410
9487934805
9481601040
9980028715
9758158525
9149695797
9820052695
9606448021
9165691262
9695331124
9486970845
9676315400
9221035463
9897043476
9158620390
9300290258
9468441509
9376769864
9531987187
9575049587
9477006244
9121205267
9731528171
9890953425
9538028176
9352356188
9703052911
9945412687
9759005196
9450087052
9168665747
9882299265
9160283574
9540407611
9681638605
9746586052
9559371022
9208659946
9938150925
9690377020
9510055690
9970298044
9774025200
9491585559
9648726596
9633614181
9798902223
9849741365
9288670086
9518550358
9497742001
9704754449
9794620741
9153644107
9260102643
9483936769
9164474134
9459192684
9381340970
9420180441
9342822564
9938879817
9416694663
9599913536
9191854133
9344394439
9259147792
9393302311
9849159010
9947981252
9755047394
9791141507
9309116005
9956397365
9167630382
9622971924
9274786285
9726410297
9447936650
9659186868
9740620031
9496757382
9275025442
9906237305
9882785681
9434396321
9582978231
9388517623
9253560439
9103912968
9100863677
9773111981
998974518
9608111126
9493655174
9534303583
9344780445
9815095489
9207034423
9773596954
9424822864
9582568551
9487079784
9407976306
9258013118
9413597118
9767030057
9114220016
9915366475
9429764878
9987630763
9970314647
9356939239
9627412254
9645011023
9266358939
9460006774
9790574940
9940606228
9366821587
9104451984
9270267682
9841332110
993613408
9129088378
9603920235
9345033371
9165157995
9523519951
9541057282
9186170440
9670491909
9174144925
9161724339
9309774988
9979398809
9540038396
9322697073
9187895896
9389678751
994703608
9943171233
9552073954
9590877428
9233059809
9946415838
9167824749
9780147108
9509539256
9206782267
9782676005
9700383865
9842794127
9512497258
9937996681
9483383670
9395268521
9143827411
9946671496
9771482139
9611769437
9383489086
9403616455
9959990440
9580174644
9321586208
9914196740
9849712948
9159543747
9790895047
9696800212
9923929341
9306153767
9869974395
9440135760
9367446744
9716358202
9521364883
9773267591
9826675330
9896673099
9890051542
9436962654
9869153088
9366122841
9573398467
9828619766
9238543507
9193631516
9187925296
9529865680
9116852102
9874125096
9200579307
9115844516
9899456029
9351013705
9962568243
9688293380
9360513091
999851760
9982353345
9570688620
9536414259
9498227873
9901062499
9553063351
9683166676
9120315343
9588368558
9976538290
9569941790
9911018030
9859788075
9203174582
9255495320
9214274928
9427390804
9825448376
9656764303
9552841353
9135070345
9931463610
9859668534
9782742636
9296811878
9856960729
9940991352
9674601238
9251802454
9323245353
9867187925
9406165962
9173765188
9981352681
9711066049
9385626719
9623558196
9457079286
9980507923
9863676870
9713864704
9118955969
9384748327
9933788821
9262710902
9571801275
9873197837
9964798146
9548582808
9912186819
9469397059
9557644529
9144074257
9668962110
9288410611
9768997596
9397282716
9891927870
9369817096
9698498940
9150580177
9444813051
9380424330
9193480855
9834921095
9504902620
9140936358
9485276287
9954510028
9670979122
9409021647
9534613189
9581436373
9133682776
9407579264
9730090398
9712794033
9867960868
9421473133
9553361305
9603838569
9765969338
9398601251
9197405243
9979895297
9840604886
9981889935
9600145389
9647016102
9694788096
9567650932
9434676232
9466793475
9369684275
9232711367
